250.051
227.105
096.024
063.073
116.024
081.129
085.170
203.020
211.149
022.084
089.239
203.130
137.148
087.237
206.023
229.105
166.136
016.010
162.131
093.163
223.242
076.137
230.117
211.014
239.253
243.115
155.154
118.236
092.080
175.200
042.224
179.200
036.151
126.182
132.114
039.117
210.012
091.111
114.122
011.160
153.243
253.085
124.154
052.214
019.238
128.216
027.033
054.102
188.030
117.020
152.059
165.132
160.011
122.231
168.012
254.198
200.228
136.151
136.146
169.240
189.094
114.103
057.158
179.060
227.187
187.059
210.078
153.147
050.233
210.065
148.152
169.031
025.177
058.112
098.198
160.037
208.097
017.193
254.128
108.213
133.109
203.140
253.137
100.145
018.049
118.040
011.065
214.250
088.242
198.093
039.113
186.087
094.151
045.122
170.211
094.102
169.076
089.066
069.143
116.065
231.025
217.227
165.221
220.123
115.234
053.062
176.038
133.177
234.104
123.107
014.011
191.185
251.014
196.067
146.177
122.126
196.122
080.175
134.178
176.201
137.124
133.116
121.243
110.172
171.041
120.248
112.192
012.145
101.029
179.242
031.136
229.227
202.142
102.221
076.234
163.024
224.182
027.125
102.160
106.249
060.255
067.161
116.195
151.198
193.081
049.192
177.230
101.125
221.246
098.071
167.230
106.147
166.104
241.013
056.247
114.107
073.201
190.251
170.144
021.183
098.039
049.194
030.086
227.079
155.068
154.118
217.150
059.239
037.131
024.202
215.162
167.174
099.155
145.082
151.173
152.027
095.069
020.052
073.058
115.058
019.037
033.219
197.151
241.157
207.043
227.137
025.093
243.242
086.189
113.058
167.064
124.078
163.067
224.142
090.146
066.234
081.139
071.104
145.130
038.099
136.035
156.053
149.201
090.194
190.120
116.032
055.074
174.234
053.105
233.150
106.032
078.168
035.093
141.144
135.212
103.164
132.051
224.102
156.202
129.141
127.173
028.115
086.122
244.160
120.112
020.225
135.244
052.085
218.169
118.086
134.133
056.091
170.093
133.248
186.148
177.202
062.145
133.059
099.011
128.249
136.156
147.099
074.247
157.043
255.055
052.236
184.018
177.018
046.057
212.120
111.179
169.074
132.253
208.051
019.152
171.119
034.095
217.079
074.067
242.107
226.200
232.110
018.066
163.206
166.175
202.023
150.084
134.050
017.128
158.116
089.130
102.083
219.099
121.183
040.035
135.245
130.186
147.131
172.029
225.226
059.018
127.037
039.219
099.084
148.227
075.149
058.059
108.155
205.192
194.248
154.225
114.132
251.113
050.134
056.236
107.080
233.192
134.038
245.071
016.033
236.209
023.044
066.193
239.129
023.128
078.140
220.175
139.108
101.188
187.187
199.185
209.156
086.070
181.242
251.211
043.161
082.182
056.060
092.200
126.157
043.255
223.244
195.103
253.059
064.160
114.128
058.134
061.204
150.140
023.240
089.112
059.019
099.102
249.238
015.178
117.049
254.051
045.091
163.101
049.145
065.245
044.137
072.136
082.136
187.132
058.093
237.235
033.157
218.107
042.205
221.030
076.248
053.172
102.106
221.058
225.183
212.036
217.205
131.068
038.123
198.141
106.223
140.191
117.075
253.211
150.194
043.082
166.147
049.152
200.156
120.046
171.221
021.213
179.126
237.053
193.235
066.135
057.202
214.206
203.129
181.161
174.242
050.093
058.063
188.141
236.052
100.091
034.050
108.167
060.213
145.147
183.201
063.071
252.128
210.083
150.036
083.030
217.229
217.047
095.249
043.061
069.139
252.053
014.227
092.017
013.194
177.217
165.146
244.130
039.137
031.152
069.156
183.196
091.142
014.120
194.146
131.020
147.253
032.137
196.215
055.249
192.167
136.214
137.042
166.173
059.153
129.233
229.251
096.207
023.194
060.036
146.022
182.115
147.134
107.169
179.233
025.015
071.184
015.095
083.035
137.031
228.143
081.201
159.073
191.178
159.166
137.249
254.245
217.034
168.088
234.202
230.088
162.214
209.032
203.018
241.012
054.175
040.077
217.232
190.119
149.230
173.232
226.042
104.017
237.252
041.242
196.226
130.193
198.026
159.192
094.154
058.179
103.230
089.018
068.022
160.098
061.086
239.048
188.074
214.145
252.143
069.014
019.102
035.089
204.140
035.252
131.058
063.168
129.053
253.209
204.086
224.144
014.215
039.043
144.241
094.211
137.212
186.164
016.196
180.229
025.174
094.145
206.114
248.207
037.216
055.024
158.035
136.174
015.028
195.185
167.058
199.212
053.194
173.076
236.095
184.133
163.092
080.180
224.060
249.071
056.225
104.057
202.125
120.187
243.028
150.062
200.188
151.170
085.178
063.077
175.099
182.059
169.213
016.077
128.052
100.062
248.227
215.106
073.202
205.175
092.150
095.173
205.161
051.100
155.045
020.063
211.241
068.218
013.181
140.073
213.202
046.092
115.107
080.131
253.047
012.190
207.134
092.131
021.076
233.181
064.066
112.147
180.228
162.150
227.076
211.117
177.173
125.105
062.106
015.205
187.091
200.161
245.021
172.125
215.117
147.225
105.112
107.046
248.031
037.184
099.173
124.144
021.062
250.189
241.236
098.098
024.217
114.095
123.217
204.204
045.088
061.017
097.020
015.155
164.144
046.241
142.046
044.036
181.116
014.010
010.030
244.033
167.062
035.190
119.249
255.228
252.177
031.108
108.171
077.056
107.109
180.215
061.223
125.120
042.201
241.010
207.213
213.206
039.145
033.249
040.124
222.050
018.121
143.061
020.047
236.247
135.032
242.223
125.068
055.075
020.012
069.111
202.130
214.081
082.224
149.156
089.116
133.016
019.043
213.036
191.012
068.082
059.151
220.189
055.062
224.022
188.191
194.242
031.234
175.125
158.220
123.191
159.243
090.245
146.074
237.224
180.144
027.237
094.178
193.112
143.070
013.218
215.175
111.046
213.057
076.019
228.011
116.217
027.030
013.044
139.028
029.057
142.090
069.112
074.029
223.227
248.185
229.208
049.195
216.046
227.226
024.127
100.035
243.134
015.054
209.012
221.064
243.109
178.033
182.174
231.178
095.161
246.114
031.195
237.111
075.130
051.067
149.214
107.163
097.142
037.238
244.156
228.126
177.062
041.025
016.210
220.233
253.076
012.220
073.078
082.021
169.093
176.018
226.010
201.207
073.120
185.168
035.082
028.173
083.207
133.063
146.097
052.223
124.147
252.234
077.162
054.030
210.156
153.146
103.228
115.069
040.135
014.087
104.012
077.076
121.154
069.200
166.014
186.116
111.152
184.057
188.092
060.226
236.192
086.134
071.086
013.062
155.059
119.225
044.084
071.167
174.128
041.014
194.128
160.107
218.109
235.020
010.046
220.173
216.021
077.074
038.115
245.133
254.110
138.250
121.220
044.221
024.191
012.222
241.200
058.014
191.051
072.234
144.159
237.219
118.194
083.049
172.040
023.067
201.027
173.046
052.238
253.165
107.157
135.175
093.136
201.183
014.220
193.252
235.081
180.068
124.213
103.029
043.200
026.232
230.086
039.091
069.168
242.151
015.232
255.097
031.066
098.235
205.208
036.144
235.026
156.133
150.189
142.153
195.051
204.213
033.058
232.011
062.213
159.212
047.064
116.208
214.083
252.044
189.205
084.197
129.041
212.076
050.209
046.067
108.254
244.063
020.239
216.157
040.249
067.211
151.205
144.063
028.105
205.062
230.163
191.091
136.235
084.161
215.209
068.054
149.126
252.099
031.034
196.164
170.083
083.015
025.148
244.137
058.118
044.090
152.114
066.136
188.170
043.168
116.010
114.153
234.166
069.170
010.203
120.243
142.253
034.046
109.222
113.073
062.120
033.082
168.214
161.243
097.171
107.077
132.142
174.158
105.074
151.143
222.062
034.247
092.023
081.176
082.209
056.105
247.093
083.017
225.014
226.196
095.131
197.093
072.041
154.206
204.202
081.093
130.251
204.016
127.168
228.162
028.231
041.103
100.078
235.078
036.070
099.108
017.100
168.145
180.227
033.141
191.216
067.190
026.216
148.173
089.134
064.072
100.229
164.222
068.109
067.205
102.113
217.130
195.229
187.152
098.048
153.186
133.117
217.019
066.017
219.068
184.033
042.162
108.024
102.087
235.192
126.015
166.053
163.155
111.122
087.252
174.078
249.083
212.060
019.096
021.136
017.172
029.075
144.180
097.080
222.197
051.119
081.144
211.127
045.078
178.091
102.094
071.065
199.118
138.123
161.197
024.120
150.185
067.179
069.137
209.163
045.240
097.232
169.078
135.233
070.047
243.150
014.236
089.190
023.249
161.230
118.111
091.119
053.134
238.065
134.228
110.019
250.134
155.161
194.143
239.231
156.221
151.106
118.230
160.172
203.169
038.015
214.077
146.025
010.180
235.133
013.091
114.072
107.253
248.141
078.252
109.121
160.029
254.142
201.118
129.064
056.241
140.032
205.135
189.233
234.152
159.175
248.139
102.172
010.175
180.235
253.020
032.121
242.093
093.048
223.169
145.088
120.108
244.153
130.014
061.120
115.176
162.247
140.023
114.249
143.143
022.128
098.159
177.247
145.156
170.066
239.188
060.253
155.021
114.253
012.207
139.057
087.028
046.020
133.022
199.012
122.032
230.056
092.019
068.153
178.063
206.037
142.125
082.244
023.169
173.178
154.124
201.165
104.136
025.013
148.029
056.195
166.134
012.033
051.016
087.193
241.174
064.254
198.223
012.137
251.111
053.221
069.239
208.249
035.051
157.109
076.125
158.128
172.053
247.086
246.212
245.075
133.061
067.167
106.122
215.101
074.012
103.065
079.017
246.210
177.010
150.077
209.038
118.209
247.055
232.161
060.046
120.175
254.088
218.138
152.226
202.047
071.058
084.107
022.232
184.089
038.196
128.200
175.109
226.011
244.037
187.120
236.025
207.152
060.034
250.108
117.077
189.248
010.033
013.015
050.144
113.213
106.158
070.202
241.027
022.146
105.073
042.155
110.235
232.097
167.073
092.246
115.207
216.222
252.197
097.043
093.250
214.102
120.057
033.247
060.207
139.058
015.188
021.253
228.182
139.036
166.152
053.175
097.095
175.086
235.190
045.057
215.069
030.129
211.136
209.134
041.035
069.178
098.223
253.106
214.189
204.031
060.092
023.081
236.228
195.074
220.252
211.063
188.100
013.097
135.134
200.182
040.222
142.179
083.098
036.089
090.113
137.217
081.210
235.200
157.014
101.191
124.020
207.064
238.037
052.206
061.114
054.202
193.077
041.249
165.137
197.242
079.051
160.059
112.156
023.019
169.060
013.252
206.235
235.188
237.046
202.205
169.238
154.208
021.098
025.063
105.200
029.016
170.111
025.132
239.072
213.034
224.066
119.199
242.121
018.114
203.178
163.164
216.239
138.056
011.135
152.159
252.194
213.023
128.078
061.068
184.028
110.177
236.236
097.148
204.096
058.226
102.058
171.223
216.130
025.053
072.163
221.052
019.206
085.055
234.233
199.020
016.012
090.088
243.191
229.084
086.047
230.098
214.161
064.245
248.107
020.130
208.166
170.062
178.158
033.254
096.134
203.189
047.201
185.135
196.221
035.070
128.179
193.200
129.069
226.185
242.142
254.206
227.099
157.188
015.065
136.137
054.173
246.193
207.189
163.211
250.055
146.058
036.173
243.254
201.162
108.034
122.127
173.184
242.141
177.144
165.092
054.235
231.161
017.091
031.022
046.128
050.172
119.237
111.106
229.073
134.085
048.106
213.204
206.249
243.017
119.039
237.194
192.170
235.223
227.094
207.158
233.201
184.093
216.152
224.249
106.063
019.193
159.171
253.131
152.028
042.089
206.230
194.244
115.189
127.222
254.241
247.123
037.019
021.050
229.120
032.216
235.043
190.189
153.208
034.012
154.151
123.136
230.238
182.064
091.232
242.221
176.113
195.048
231.111
026.048
084.025
143.085
045.011
212.153
026.018
169.098
139.099
194.175
049.058
104.085
106.192
043.180
020.182
253.073
243.105
027.098
012.240
038.026
079.133
090.050
241.072
133.081
174.085
251.124
228.200
143.028
111.039
023.230
021.205
100.023
222.122
017.075
255.024
178.214
122.193
120.072
249.033
076.146
238.247
027.181
129.088
163.176
158.200
032.250
142.191
016.192
207.186
216.079
030.109
208.141
255.065
196.132
145.033
236.206
234.141
092.145
083.010
206.031
171.069
103.010
208.206
111.061
056.071
140.038
245.093
058.071
081.081
032.031
074.092
141.094
148.032
117.084
210.243
076.244
255.143
060.178
188.097
049.239
124.031
177.089
040.085
212.105
114.187
182.185
190.056
110.163
060.119
058.016
202.038
081.105
073.103
091.143
020.194
202.074
191.147
027.040
191.095
129.195
173.048
084.188
112.016
229.024
018.123
250.222
155.105
177.124
155.233
104.150
226.227
247.185
023.234
077.048
212.229
216.049
024.145
184.135
101.083
122.174
083.245
201.044
120.241
143.030
165.106
111.242
231.141
254.137
179.050
035.172
191.076
068.062
255.207
016.148
159.221
118.013
074.255
241.204
010.045
097.100
182.035
217.140
203.240
153.252
217.167
223.133
014.034
054.186
196.129
045.071
046.051
251.226
017.228
053.254
221.091
158.088
156.219
074.090
013.238
149.146
099.105
105.127
052.171
193.147
255.071
180.126
137.074
032.077
104.062
234.198
252.011
186.081
090.220
099.121
096.101
205.076
193.120
091.214
041.218
110.175
060.056
073.074
145.024
253.224
206.069
134.108
251.011
136.081
025.190
251.238
079.073
232.078
046.226
224.161
128.221
239.113
140.171
172.147
057.105
011.022
103.176
200.103
082.216
227.084
139.085
230.239
011.231
176.178
099.195
104.091
117.242
115.057
092.141
180.016
127.077
252.159
118.233
189.038
012.167
038.200
234.187
046.225
178.253
216.208
123.185
217.206
250.010
111.162
164.204
084.222
166.125
200.216
084.202
086.240
248.180
205.048
223.015
208.074
198.036
015.202
126.129
129.078
047.054
072.249
025.182
249.221
195.117
114.147
064.206
106.183
011.161
212.242
047.109
126.148
177.066
078.129
154.126
110.118
025.227
079.142
173.213
222.023
200.086
098.025
121.031
213.024
028.065
192.063
082.227
207.178
099.125
242.202
128.129
225.113
223.173
084.252
120.203
110.067
101.225
112.189
084.013
215.207
145.237
043.060
079.175
093.078
082.074
034.124
242.085
180.240
215.019
084.154
226.207
171.094
138.127
044.132
214.025
022.144
184.246
114.085
210.209
095.027
177.060
167.049
086.067
020.223
249.054
039.035
057.086
013.227
164.164
020.044
247.221
215.248
068.195
134.036
151.150
164.126
107.174
131.069
109.211
215.221
083.168
171.183
255.148
077.054
067.098
028.049
133.222
108.179
152.129
086.129
031.192
014.134
181.162
103.109
243.114
105.231
119.093
160.160
169.232
111.126
139.206
251.072
085.121
242.082
074.093
204.100
178.210
129.065
103.088
167.042
080.199
097.118
103.115
197.047
098.174
212.214
151.109
191.234
033.243
076.092
090.239
177.187
059.063
109.241
016.201
056.111
083.144
094.215
200.158
202.055
048.130
243.076
241.062
241.252
090.247
024.122
058.125
109.150
183.040
100.090
085.197
194.036
058.137
243.131
142.022
220.022
107.154
153.195
185.226
040.038
178.228
230.082
248.151
246.233
067.037
102.035
078.051
011.140
020.082
087.060
033.183
135.092
110.055
185.033
123.156
172.219
061.083
251.213
146.129
056.226
069.055
226.148
074.167
195.120
152.229
137.120
228.092
211.084
235.117
246.047
028.156
138.039
107.150
139.207
228.133
039.223
119.112
148.186
105.081
052.222
241.177
043.119
163.127
021.166
118.238
025.171
054.255
019.125
079.108
161.029
063.092
027.067
184.103
063.161
112.041
028.015
129.182
073.122
177.042
015.071
114.106
243.172
025.071
253.012
133.036
218.195
212.255
116.227
065.201
247.176
177.227
098.199
166.157
230.061
140.255
200.150
190.203
218.242
205.139
085.143
250.039
031.165
124.117
170.097
037.181
133.050
035.165
078.216
075.169
189.186
078.049
132.156
250.213
223.117
033.044
233.045
071.030
096.082
198.165
204.074
022.056
106.092
058.033
053.185
134.096
119.255
158.101
207.114
150.058
053.069
129.117
237.166
050.091
177.219
027.197
075.252
136.090
155.147
100.140
231.019
120.233
076.180
231.041
119.143
236.128
189.123
011.126
101.106
241.049
057.223
167.121
116.068
157.167
163.069
110.147
193.117
224.183
029.185
154.213
173.103
034.232
069.011
135.239
211.028
181.102
210.150
209.102
191.123
030.220
215.159
014.202
037.255
231.254
118.156
181.047
221.130
217.016
248.073
233.135
083.139
077.091
128.139
207.194
159.036
150.184
248.170
070.061
064.019
249.132
205.159
091.021
226.100
014.183
095.029
254.100
010.062
045.054
196.078
201.120
217.108
085.070
134.023
044.051
176.254
037.139
100.188
188.173
238.142
167.207
197.192
122.237
022.253
102.235
027.188
227.018
206.044
130.072
023.016
060.209
235.063
012.086
075.243
085.180
089.246
064.173
253.054
019.241
047.074
225.130
179.228
047.088
099.118
175.240
251.210
013.153
082.062
252.045
093.062
052.130
017.208
022.166
197.165
164.243
221.132
233.247
074.041
180.024
126.166
088.113
143.147
029.243
040.019
072.105
254.118
204.033
034.165
080.189
123.045
182.146
197.225
118.229
178.171
135.112
109.101
133.225
062.158
013.127
079.166
226.020
098.131
228.023
198.102
247.084
116.094
168.039
077.150
020.146
079.023
193.187
096.097
161.172
198.126
121.209
236.077
221.069
171.120
106.098
144.069
105.093
158.123
065.168
089.138
092.147
042.068
093.246
103.170
140.056
184.013
047.010
194.159
082.014
119.215
225.119
022.026
128.054
112.110
157.239
049.219
229.114
092.085
049.178
233.124
174.149
096.203
014.203
202.122
170.252
015.125
151.046
225.092
078.203
051.192
030.240
052.022
077.229
114.097
236.202
018.180
206.064
183.242
049.240
067.247
116.017
233.197
101.033
107.224
231.054
138.078
132.215
089.208
252.243
031.032
220.139
041.043
063.127
159.040
221.183
251.106
058.068
172.071
039.037
169.157
209.194
092.113
026.173
043.113
038.055
045.104
152.021
245.198
184.233
229.221
251.016
087.220
034.101
037.215
082.186
201.186
249.206
195.114
247.148
106.160
064.224
066.204
217.035
065.207
120.015
057.115
126.171
151.194
195.170
217.086
028.164
239.089
035.078
205.193
085.234
171.133
142.059
169.121
072.076
119.181
181.140
123.116
041.255
093.226
097.132
086.109
206.091
051.027
171.036
154.154
166.026
116.254
179.033
190.054
132.062
173.089
121.211
122.097
154.223
189.029
072.088
039.155
216.206
138.184
180.013
222.018
225.231
048.160
080.141
059.095
083.025
015.145
161.195
128.186
236.150
088.135
082.112
202.186
149.178
030.070
154.103
129.153
249.151
250.081
239.028
203.233
211.187
193.074
082.236
108.115
154.242
047.030
074.095
152.175
130.154
221.194
109.137
065.222
139.097
121.187
144.240
042.156
039.161
077.025
165.220
066.202
112.157
104.086
137.210
038.228
086.124
221.227
165.038
112.218
232.216
191.157
039.088
240.021
226.149
238.155
054.020
225.210
075.161
105.203
214.253
153.046
116.175
026.206
092.102
114.034
122.057
180.213
169.219
222.214
116.246
175.206
183.085
058.012
151.035
250.207
169.217
164.159
105.229
103.098
106.170
248.199
209.022
165.157
194.191
022.078
024.185
047.253
108.095
025.248
185.031
017.160
181.179
135.074
067.092
100.046
208.073
238.191
011.149
182.133
213.243
143.066
215.124
176.166
215.043
109.220
249.100
090.230
036.119
116.060
225.212
083.126
102.196
026.208
049.083
050.112
125.143
245.194
070.056
211.137
117.163
255.189
141.016
112.149
011.192
238.072
255.180
148.192
182.193
155.198
039.059
179.082
071.133
177.166
044.053
224.117
144.093
066.174
226.212
028.119
030.116
236.147
028.083
075.178
170.063
238.067
120.196
018.253
046.221
071.127
139.209
184.060
122.201
247.198
250.147
135.146
103.052
152.053
060.154
226.250
050.040
224.020
201.148
110.069
066.090
135.088
168.084
251.061
239.193
253.070
029.058
134.034
202.132
173.136
161.206
191.148
118.180
132.159
085.246
238.085
166.035
233.073
090.163
108.255
079.172
010.015
204.103
090.225
231.199
097.032
226.037
218.052
066.124
058.070
140.109
165.058
067.105
015.053
142.155
144.087
054.193
083.212
255.179
130.177
023.087
131.045
055.167
048.026
067.176
165.054
105.150
171.019
032.080
140.090
053.132
216.252
048.228
056.193
247.201
124.239
127.040
113.207
036.100
190.067
122.018
154.228
047.168
236.135
132.135
078.214
210.010
076.133
127.081
011.194
041.188
180.195
186.127
065.117
188.065
069.076
146.228
026.156
030.148
083.227
217.013
215.028
236.201
194.141
240.156
044.065
112.185
131.047
214.163
125.059
252.156
162.067
220.169
038.231
142.220
107.240
151.104
184.042
195.098
087.148
047.011
217.065
189.047
234.066
087.147
227.203
077.065
022.069
136.167
193.206
217.110
024.116
052.192
191.163
235.151
163.065
066.039
173.231
168.070
224.048
107.048
222.085
215.214
222.114
169.229
048.195
043.232
016.253
196.029
196.158
111.056
068.073
039.143
206.155
168.122
118.107
092.180
242.081
220.253
204.088
135.128
215.010
095.239
113.194
052.201
101.157
135.136
014.101
012.182
197.066
232.163
131.253
055.069
236.019
255.115
231.154
041.094
223.097
134.100
014.172
252.083
091.072
051.046
184.098
068.125
085.182
143.062
034.246
149.097
168.051
248.179
052.183
192.243
066.057
094.243
136.200
079.099
252.237
178.197
135.138
016.026
046.210
215.176
120.119
019.023
159.104
141.147
232.198
028.030
126.183
010.136
062.226
164.223
117.024
207.091
220.170
033.104
042.134
163.184
146.064
231.094
027.180
153.032
022.219
189.218
073.252
096.197
015.184
169.154
156.150
029.205
186.115
122.202
079.231
166.202
160.191
056.130
120.047
171.056
105.149
052.128
205.138
144.104
095.101
065.080
134.254
172.091
046.075
137.095
228.236
231.026
132.036
144.155
129.013
255.243
033.228
246.042
058.090
025.138
165.086
224.137
069.123
154.173
048.033
024.119
016.025
255.068
219.134
148.052
099.048
080.055
116.211
119.144
251.234
049.109
187.045
060.149
164.177
146.229
237.132
046.038
125.029
132.132
102.247
148.041
120.178
128.196
148.150
097.174
067.016
144.019
091.137
235.186
123.078
245.019
120.109
187.240
241.014
015.157
243.202
040.231
148.076
195.161
077.209
138.222
237.139
104.120
066.086
130.214
221.165
013.237
104.216
187.050
174.115
228.174
198.071
063.069
168.020
112.092
234.225
178.144
031.115
180.085
075.054
154.249
101.084
124.039
131.064
075.135
159.022
056.120
117.044
200.029
056.011
074.187
082.113
107.152
019.144
104.069
170.151
027.231
252.205
088.143
169.095
080.026
163.015
113.216
129.150
029.242
105.255
088.219
182.163
088.077
025.073
187.191
029.178
217.103
066.099
174.039
026.195
014.103
231.249
071.024
213.065
235.121
151.055
118.125
012.066
065.069
226.235
241.055
104.064
160.185
082.041
012.027
198.058
061.074
229.223
085.104
225.215
139.130
218.153
115.139
016.245
239.116
077.041
209.190
230.145
063.238
220.023
176.093
204.162
238.128
244.032
026.238
084.204
192.047
251.231
173.149
072.027
180.199
073.224
200.099
215.195
053.104
157.038
187.210
077.026
160.155
052.210
084.237
012.095
209.072
111.027
169.248
011.104
037.121
167.048
155.087
190.226
042.236
154.221
250.228
074.229
023.070
213.165
098.035
114.028
010.171
069.224
139.067
100.225
135.197
031.062
196.087
254.046
044.018
098.056
165.057
049.226
199.036
150.217
226.092
194.136
066.030
082.197
060.131
149.122
133.137
125.187
129.160
255.056
146.197
129.196
148.107
119.164
099.149
195.221
101.019
255.015
201.077
131.231
086.046
253.148
225.097
217.161
255.069
167.085
241.099
059.157
080.249
161.180
234.100
117.220
223.188
117.041
128.012
044.101
081.050
083.066
132.119
240.107
131.209
211.032
087.171
153.044
139.137
068.064
249.152
167.252
163.070
219.011
061.170
044.210
199.125
194.239
014.071
013.171
094.048
063.104
163.204
083.075
190.048
230.126
171.137
024.085
044.189
180.137
238.034
132.177
241.144
216.172
152.075
052.156
029.079
227.195
058.155
099.226
056.131
012.084
053.026
205.233
223.163
019.052
162.072
222.119
038.165
184.113
218.252
032.253
176.125
225.033
172.089
180.018
184.164
171.154
065.040
188.202
121.082
110.080
167.020
092.086
157.222
171.046
081.011
164.103
150.199
238.087
173.061
172.246
165.128
229.222
110.146
240.122
246.178
143.120
194.096
234.023
224.188
157.124
056.234
112.137
239.186
016.100
213.241
062.039
221.019
240.078
249.075
196.103
107.128
089.209
038.131
211.195
029.171
133.104
123.041
018.028
173.102
121.179
079.115
104.222
155.101
217.217
155.247
053.165
247.047
185.165
110.083
095.059
227.184
131.206
139.221
234.234
181.154
031.220
092.025
101.081
178.193
078.081
138.117
218.140
192.053
208.168
144.040
240.060
168.183
236.101
129.034
213.175
124.012
078.063
094.094
039.066
050.131
047.067
195.233
051.115
036.052
224.082
043.125
253.231
091.102
083.190
077.023
215.032
097.012
105.120
233.199
165.074
042.147
216.185
229.237
191.064
200.037
248.115
063.049
139.147
133.126
019.021
156.246
055.097
248.034
245.146
139.210
242.250
253.124
022.122
222.078
039.080
091.017
145.248
124.053
169.199
091.191
150.128
249.250
010.089
150.130
214.013
140.161
039.054
174.219
125.115
188.176
178.103
144.141
117.013
219.170
152.232
166.155
053.191
230.028
140.169
093.230
149.209
173.042
222.232
074.154
110.060
199.182
190.136
145.113
142.149
203.115
159.180
148.240
073.141
070.153
063.237
218.164
010.070
159.200
166.032
169.079
138.175
245.187
133.138
105.217
176.100
149.246
124.249
096.159
179.179
239.175
021.063
023.188
243.064
252.250
132.039
254.171
155.133
220.235
125.127
022.153
019.030
171.128
146.206
063.250
122.222
123.013
115.204
084.065
071.069
195.189
211.118
028.214
186.147
132.187
170.088
108.211
139.136
249.235
097.211
020.147
175.016
238.171
128.120
179.026
057.242
016.128
159.170
247.011
116.237
131.042
164.160
119.079
217.179
238.076
146.237
162.014
024.152
197.096
135.087
200.119
068.101
041.184
193.055
225.059
250.219
163.187
059.096
241.223
041.190
042.182
041.115
038.084
218.204
206.055
060.196
032.161
095.138
183.044
067.151
040.201
105.038
052.243
212.010
243.020
230.038
011.054
161.052
064.051
039.038
239.117
190.115
250.074
235.255
060.054
026.144
092.118
235.027
181.099
100.107
159.185
151.010
220.243
159.198
228.100
130.157
012.118
045.238
206.026
114.207
220.138
020.016
225.084
159.163
093.152
014.137
225.037
064.248
165.182
062.180
229.042
037.209
067.071
102.034
142.156
179.255
049.150
090.240
010.130
172.032
077.176
041.102
087.144
244.183
181.218
239.152
135.237
202.219
122.168
161.098
045.151
082.116
249.030
019.079
219.044
145.047
247.039
078.074
035.247
049.190
163.030
135.078
151.061
191.041
044.228
122.205
174.202
224.212
058.202
025.178
172.158
160.203
106.020
227.030
050.152
162.190
204.113
246.098
058.026
015.099
038.056
163.151
194.038
051.179
216.160
010.178
099.021
049.117
047.124
249.109
073.062
037.156
150.086
100.088
120.110
243.132
082.194
084.213
247.252
117.065
013.151
027.242
111.255
252.036
159.113
233.035
020.084
077.095
150.012
048.030
026.021
146.131
205.143
021.088
208.124
191.024
156.174
040.225
092.112
196.171
197.215
166.030
085.110
129.114
137.102
214.147
018.162
073.121
175.224
076.143
148.047
160.025
032.175
085.020
029.229
026.237
019.034
226.211
032.127
049.130
222.016
169.013
158.148
121.093
061.199
093.171
186.055
072.095
091.155
099.249
041.165
177.130
064.232
218.043
142.097
223.018
084.089
030.145
153.132
214.055
143.077
068.097
091.037
054.118
094.244
219.191
224.067
237.164
109.138
026.199
014.189
205.240
213.078
038.235
250.028
084.121
195.100
212.116
136.251
080.052
032.030
106.155
200.243
183.066
092.172
203.232
191.176
106.141
091.015
203.107
017.218
191.039
038.208
031.180
061.191
254.116
181.157
186.197
235.242
227.255
092.053
251.135
039.135
047.240
209.086
211.174
018.077
200.200
064.253
169.087
026.135
115.125
206.084
188.217
175.031
079.058
254.020
020.089
107.033
043.123
071.197
206.206
144.111
074.236
020.107
123.083
018.212
024.093
242.023
060.233
060.198
082.029
192.141
124.121
119.064
182.121
254.224
098.225
040.138
190.165
058.210
103.013
012.242
198.030
247.046
234.180
117.238
083.069
077.243
024.161
097.104
229.186
170.104
192.211
177.038
205.093
124.172
107.159
141.218
201.153
016.138
102.097
074.069
057.062
043.048
025.240
034.190
059.138
219.229
254.236
192.184
059.144
163.129
215.220
152.081
205.151
247.210
080.118
129.037
171.254
011.080
228.227
254.238
186.193
146.046
062.142
067.032
122.017
090.072
220.108
104.149
149.150
165.112
052.226
083.084
068.236
102.181
070.136
157.058
208.209
156.187
064.207
205.173
253.149
224.037
029.198
058.083
224.199
225.085
074.129
132.171
137.172
105.230
187.029
179.205
110.223
074.031
125.179
032.118
241.022
233.221
093.233
086.029
042.151
057.094
199.027
089.194
216.074
086.096
249.203
208.035
178.254
231.184
027.014
079.213
188.068
223.196
034.054
142.029
154.172
210.251
175.068
098.022
143.021
233.024
158.225
061.225
021.057
165.166
241.065
247.240
198.021
110.016
217.082
055.228
093.242
143.063
205.177
109.154
013.205
134.166
240.038
222.142
137.171
173.043
245.042
056.062
136.068
100.213
036.143
228.250
229.171
032.149
225.058
190.113
130.244
097.067
068.197
097.136
052.039
197.205
224.043
124.010
045.191
030.180
157.191
145.099
200.163
160.053
133.070
170.052
040.025
059.164
206.049
224.234
249.070
200.218
180.251
208.017
044.088
179.183
042.253
205.166
012.100
197.237
239.208
091.228
062.117
167.244
104.055
056.118
161.204
250.138
138.242
029.148
177.132
194.173
089.157
048.045
017.108
254.127
140.077
151.249
061.024
063.082
077.244
173.243
194.056
085.167
165.062
033.029
064.236
172.182
017.105
125.071
194.166
041.132
169.131
121.162
247.078
195.247
156.215
202.178
146.030
148.241
010.078
122.101
101.117
112.013
170.222
215.098
019.078
039.179
223.045
228.095
169.242
150.137
060.129
184.219
097.225
029.018
101.012
189.175
235.184
131.236
182.167
133.185
098.063
227.108
029.055
099.041
113.238
159.217
041.205
187.042
199.105
254.242
012.079
076.212
015.120
037.095
118.046
091.125
022.015
076.072
044.248
151.155
198.205
217.084
197.226
187.232
039.116
123.198
157.163
150.039
234.156
140.138
011.213
170.035
095.175
244.167
157.225
137.165
173.254
155.028
043.151
085.050
094.133
030.213
011.170
215.156
165.099
025.077
159.153
200.113
175.133
134.091
132.106
166.200
161.132
020.029
140.116
178.203
250.170
161.154
232.178
250.248
235.215
036.172
041.185
193.070
121.110
110.214
075.051
086.255
150.156
170.117
107.133
045.055
074.116
192.074
202.102
063.086
035.240
221.078
242.036
057.042
248.161
172.222
173.252
098.128
227.123
011.154
043.242
030.130
050.249
078.156
076.191
154.130
113.159
226.183
115.133
034.187
213.210
142.020
194.153
034.062
136.093
254.232
135.116
137.231
235.047
027.179
165.050
019.018
094.222
107.032
240.070
250.235
175.101
196.100
129.104
205.029
219.202
199.024
013.107
090.121
221.094
141.113
154.227
216.129
014.021
173.067
087.062
112.148
192.084
095.132
194.184
062.132
050.120
209.180
178.012
244.149
017.141
075.213
090.136
140.049
039.182
234.242
162.061
125.247
120.135
100.243
232.076
119.192
021.149
152.042
022.087
072.045
206.076
182.221
208.087
124.088
037.197
113.125
179.219
151.053
104.103
239.057
119.170
143.135
211.030
206.188
044.066
253.086
055.206
174.053
141.209
027.215
109.207
147.082
163.041
201.047
184.077
063.075
215.074
233.132
069.100
217.176
153.163
226.090
154.202
077.193
204.145
110.195
252.253
129.248
068.011
076.153
077.134
144.039
239.080
144.010
067.246
148.198
067.046
157.060
208.105
200.183
235.015
111.133
205.236
072.120
212.215
136.030
026.083
073.209
206.214
247.208
156.044
108.220
198.104
161.245
249.174
092.174
011.034
153.188
172.128
223.158
201.061
195.111
053.151
185.150
060.242
180.083
040.041
010.054
059.156
107.050
065.219
097.239
041.253
069.253
034.116
080.086
212.199
010.200
253.241
121.132
249.087
055.023
227.181
129.132
059.050
159.129
103.205
123.023
174.235
177.198
139.111
120.011
127.058
198.057
027.069
184.189
190.174
071.183
046.238
095.015
181.138
079.034
182.049
059.023
198.115
092.199
088.033
137.149
037.178
201.032
068.243
101.177
049.122
226.243
173.083
220.157
251.225
022.162
249.159
028.254
156.211
123.120
225.061
091.014
172.253
073.179
026.250
166.216
233.083
209.093
125.170
127.029
092.122
216.159
170.101
145.015
058.105
123.117
096.069
080.145
248.215
166.099
012.059
140.131
215.155
076.015
202.214
086.119
178.096
048.247
233.031
222.204
204.101
212.187
078.228
112.160
238.083
174.154
250.205
127.246
177.065
025.044
158.084
125.192
183.160
026.235
199.249
082.253
069.027
078.014
092.159
226.205
069.179
049.089
126.066
046.139
096.217
153.153
152.015
165.229
142.109
073.029
155.012
087.122
105.033
069.218
224.211
062.162
062.134
188.076
086.020
144.207
052.220
071.102
200.019
113.084
157.195
056.112
156.059
140.189
066.254
062.053
081.048
013.143
048.083
039.173
170.076
209.082
086.055
184.051
017.242
196.139
242.241
112.219
198.011
078.126
138.178
040.193
119.045
086.035
053.243
246.173
096.047
187.226
031.230
071.112
060.144
074.101
081.108
146.119
202.227
179.034
109.079
161.054
159.070
090.160
091.073
207.109
081.246
027.172
203.041
052.159
186.207
092.120
111.010
141.245
064.147
046.192
139.064
105.107
161.221
189.149
238.227
199.236
244.197
061.032
020.105
168.174
103.116
084.050
184.132
195.213
208.241
150.222
141.206
025.124
055.231
044.100
174.072
039.136
010.254
129.058
058.113
090.078
100.119
150.071
091.195
132.230
150.144
059.162
168.160
132.070
136.168
232.105
172.068
189.086
149.168
165.212
022.095
165.124
209.220
179.027
208.157
218.026
186.019
201.108
250.107
253.250
042.135
208.162
034.123
241.213
255.014
049.100
252.209
117.246
126.137
091.036
195.159
196.191
195.220
189.246
234.229
254.221
018.235
175.075
097.229
183.150
025.085
222.035
244.068
043.081
230.083
067.093
104.075
193.164
248.242
217.196
136.133
153.091
146.089
190.129
148.087
202.149
034.203
015.246
157.051
197.029
063.214
059.196
197.108
119.183
092.012
090.035
210.228
191.203
146.164
216.080
044.013
027.114
141.124
172.039
101.205
168.027
173.128
027.166
194.170
109.226
050.234
072.224
048.152
139.192
100.149
054.183
146.082
229.183
186.129
088.054
184.039
079.154
136.224
037.195
036.010
095.184
012.171
040.063
046.172
094.062
186.136
018.055
235.123
192.204
228.131
186.185
196.041
230.171
131.175
239.099
207.119
252.171
108.235
018.059
168.202
207.231
108.138
171.240
126.178
014.170
150.143
206.085
225.253
163.095
173.063
136.231
204.067
084.144
179.249
033.223
167.043
191.250
067.255
136.097
149.077
177.135
088.127
111.202
053.218
024.221
211.076
189.143
024.037
013.063
209.104
015.231
237.032
146.045
204.111
088.151
118.169
059.227
076.217
219.213
122.059
070.068
243.121
183.243
120.019
056.097
141.071
105.238
187.194
166.143
195.064
207.048
133.237
208.205
151.062
191.191
241.085
038.136
049.043
151.123
149.103
213.045
113.243
043.014
049.215
062.124
231.016
188.067
046.140
217.119
250.084
251.079
114.105
191.242
222.135
024.164
134.190
195.255
215.173
173.088
112.018
189.182
155.185
197.193
147.181
218.228
212.019
061.138
180.149
081.170
075.050
201.053
144.086
191.018
045.247
050.106
254.213
110.044
077.131
165.114
177.231
069.058
195.251
239.103
052.216
250.128
131.041
106.055
118.049
152.104
214.168
107.106
115.116
032.218
017.040
142.044
044.246
072.175
247.238
250.109
107.074
135.111
020.011
135.043
139.088
090.029
028.159
122.050
228.091
063.186
124.076
039.103
185.186
230.077
173.163
080.195
023.123
246.249
231.188
114.161
222.104
183.221
129.076
173.026
066.103
120.154
052.253
061.103
187.205
199.070
081.211
168.171
192.135
155.222
071.147
058.217
234.092
011.201
101.131
055.254
101.149
121.133
027.082
029.189
169.136
225.222
196.243
251.065
054.182
214.216
046.201
015.226
066.119
020.111
092.188
115.206
068.123
154.084
134.237
199.076
200.044
210.190
248.028
207.062
197.184
192.118
055.135
101.214
233.211
199.200
112.191
048.185
192.214
162.092
133.060
194.104
174.251
127.136
184.159
205.011
175.054
155.098
103.064
112.163
241.043
182.249
067.229
230.059
081.249
068.130
013.201
087.100
051.194
086.071
037.234
179.081
183.090
062.225
152.103
051.121
176.074
121.015
236.138
241.199
099.251
021.239
105.224
216.050
141.107
127.186
044.227
087.189
140.092
017.214
192.159
195.110
189.102
199.083
186.201
053.099
255.073
190.042
199.132
170.132
010.160
075.019
157.088
221.210
143.119
182.057
200.137
133.232
166.015
210.197
088.018
143.031
146.094
214.199
076.154
109.054
041.029
115.195
161.071
117.153
065.064
058.206
118.204
237.143
106.036
080.225
215.196
087.111
167.095
148.187
056.039
062.230
098.121
096.244
181.118
217.054
171.024
036.019
245.209
179.153
231.010
207.049
064.179
100.061
247.061
217.203
116.187
011.167
253.238
142.211
101.027
133.176
142.103
133.244
051.111
098.206
239.192
240.094
116.206
061.088
026.063
089.055
236.144
216.059
175.198
045.069
083.220
240.092
070.188
140.204
053.089
175.213
118.138
068.222
053.012
102.124
025.152
068.030
244.227
011.146
120.048
191.138
096.053
116.225
025.042
126.206
188.054
127.137
228.097
178.139
203.100
183.199
102.182
107.139
214.053
084.033
050.030
244.184
182.147
014.012
123.020
114.013
090.114
203.254
147.227
170.228
083.052
244.022
069.219
192.119
144.235
040.206
243.038
028.222
145.192
016.135
208.153
025.226
053.230
027.225
241.061
144.025
113.138
138.072
081.106
177.180
183.056
018.200
213.196
010.093
082.048
225.200
101.010
189.200
036.162
048.191
124.209
200.114
242.139
185.119
065.057
215.179
036.033
033.019
119.154
014.246
077.149
169.169
165.199
208.110
091.064
249.045
213.160
099.146
045.067
071.106
052.069
236.099
100.223
209.034
011.184
234.209
048.197
098.031
198.122
245.086
146.227
197.013
092.021
161.173
070.065
091.202
246.231
161.044
120.099
107.092
180.104
204.089
060.022
121.116
087.087
028.029
061.253
111.254
139.175
128.149
157.062
236.054
040.202
103.218
169.061
171.102
027.136
198.128
052.193
087.125
016.154
128.090
093.011
173.025
101.035
023.082
168.018
070.196
113.142
190.236
059.029
047.207
086.087
249.032
181.066
145.138
012.162
191.209
171.087
237.057
149.234
050.195
198.239
066.150
045.137
138.144
204.054
013.186
099.160
255.044
231.070
198.084
156.075
140.216
131.246
190.020
239.147
233.176
204.227
010.155
213.148
014.072
035.146
250.090
242.176
177.208
095.045
162.203
096.255
171.233
223.126
179.115
199.046
087.161
235.035
163.113
089.045
133.241
083.211
024.014
023.145
106.172
159.145
076.159
168.138
124.203
217.074
225.121
161.255
183.186
249.199
232.019
134.234
149.182
087.221
089.142
141.211
219.012
184.126
041.041
015.131
070.098
248.102
091.221
100.181
089.218
060.148
085.077
197.126
065.019
220.192
025.215
068.136
175.114
152.172
177.051
074.056
218.224
150.186
026.204
072.031
246.125
212.049
225.131
116.255
028.160
164.088
018.060
139.159
120.167
025.134
222.120
087.091
201.025
111.245
083.068
080.021
051.248
095.154
046.135
222.243
188.244
031.041
189.039
058.049
104.217
235.098
040.184
012.111
156.168
067.231
201.024
022.148
202.160
032.136
239.158
254.062
229.074
037.183
116.038
137.253
026.075
108.018
032.251
182.090
108.067
040.239
053.232
111.138
084.196
066.179
019.169
240.042
238.018
252.154
243.024
087.025
169.206
210.199
206.252
044.093
019.145
118.038
084.165
011.254
178.220
034.112
047.089
021.117
122.176
057.238
200.179
174.084
200.210
126.146
245.224
161.127
069.023
177.041
097.254
206.255
163.118
091.049
235.056
142.057
244.127
041.247
225.093
152.122
016.180
234.126
143.081
117.123
087.065
228.190
073.024
042.138
066.203
108.207
131.198
152.163
144.188
048.020
104.223
068.193
095.134
219.237
092.015
078.113
199.213
168.032
101.072
023.030
158.234
038.020
057.173
211.164
221.137
112.083
199.136
179.155
111.130
130.101
115.115
014.191
073.043
070.170
102.135
074.174
224.220
044.214
016.173
186.042
054.110
207.138
076.215
212.233
052.234
200.121
209.171
149.123
031.181
207.016
075.181
133.121
252.017
014.054
152.152
111.119
228.111
011.048
177.107
206.163
114.156
037.211
079.069
069.196
030.186
120.198
209.208
202.093
232.164
099.107
189.216
078.172
110.160
172.167
095.116
245.076
190.179
201.128
041.193
207.166
118.082
127.110
088.153
139.125
105.219
070.147
051.108
241.141
156.169
194.177
031.236
207.123
233.075
117.109
231.173
156.027
141.137
064.215
173.056
136.066
135.232
142.063
203.022
017.035
248.165
234.028
133.251
058.103
182.067
020.030
056.063
069.091
158.138
222.105
248.118
035.244
086.048
252.054
088.112
042.027
089.193
108.219
037.079
032.059
030.235
105.178
066.134
255.159
185.134
248.066
016.221
192.067
110.171
089.093
201.200
060.200
118.195
223.069
142.030
068.182
087.240
032.176
098.065
051.011
205.254
143.236
248.187
049.087
178.040
213.028
150.078
204.244
137.097
127.212
239.014
241.160
105.176
116.081
179.128
183.192
022.079
078.100
129.232
227.200
164.146
229.121
109.109
245.201
110.207
064.127
038.204
036.030
172.085
137.105
079.143
066.109
173.108
209.047
042.078
066.253
187.185
162.088
017.149
096.067
084.180
122.225
017.085
237.078
132.152
247.062
081.166
103.050
250.126
087.172
107.160
207.078
091.024
081.116
086.193
011.200
157.154
036.204
010.135
225.178
103.135
055.051
165.029
044.174
112.109
229.135
119.139
180.174
204.135
192.151
128.135
172.174
120.181
125.230
152.082
070.035
246.128
031.198
197.150
065.011
246.252
016.125
249.127
244.012
026.181
030.047
196.076
167.169
024.137
166.011
029.235
057.049
052.083
212.220
021.243
051.130
130.190
184.141
207.208
254.040
091.023
169.104
087.238
179.245
059.206
107.221
158.023
242.254
013.060
193.234
074.086
040.123
221.167
015.146
226.054
207.057
164.145
254.109
163.255
176.199
130.085
133.145
043.157
238.091
088.207
043.138
040.050
124.115
204.250
055.110
139.016
142.228
231.177
079.163
251.024
179.104
080.032
125.138
163.221
132.161
054.132
207.247
025.029
222.096
044.198
248.243
090.244
156.226
110.155
100.178
181.204
245.192
166.089
245.028
022.077
158.038
059.172
165.215
125.078
018.205
063.209
133.093
057.023
099.038
197.173
035.095
177.154
046.177
083.219
125.171
046.019
133.143
117.054
215.187
185.023
234.039
221.199
020.179
016.015
217.182
115.012
035.210
087.030
015.174
126.156
219.090
038.047
157.128
116.016
102.191
071.148
062.123
220.237
022.176
137.069
223.039
228.125
076.157
022.167
204.039
098.240
219.216
071.094
015.107
161.149
025.173
252.232
194.099
060.135
110.161
060.162
207.029
015.119
108.132
236.074
034.058
250.211
187.245
114.086
187.251
084.201
035.174
049.026
104.159
156.253
197.078
145.014
072.017
176.080
129.171
166.102
237.051
042.043
174.140
053.145
123.172
216.072
173.238
015.179
027.212
165.015
156.208
233.017
091.180
093.124
070.064
018.170
017.183
246.146
112.125
046.130
013.217
026.105
134.181
230.133
140.095
101.037
044.239
184.125
100.027
068.012
143.039
099.133
089.147
066.162
074.132
206.208
028.187
181.194
208.199
238.098
216.091
092.144
107.195
204.097
123.072
100.163
056.125
202.199
048.096
171.197
112.045
083.079
120.156
131.024
205.126
107.097
197.140
213.122
147.091
129.113
022.213
012.168
038.176
147.140
077.129
110.122
154.047
184.215
212.128
033.146
233.118
049.031
252.162
199.189
029.253
206.134
149.196
143.221
157.183
047.220
113.120
013.185
201.204
102.233
232.209
202.092
030.072
017.162
047.023
056.149
236.042
177.239
101.034
025.117
183.188
041.105
113.247
099.122
082.122
203.195
016.137
015.108
212.178
243.232
164.150
083.095
141.235
184.035
214.031
045.222
201.029
071.172
135.226
201.064
034.214
077.010
115.148
108.243
251.251
139.224
048.157
183.060
127.200
222.252
171.048
020.124
102.057
176.187
182.179
049.214
242.192
063.235
021.045
119.067
056.238
130.149
049.097
124.212
156.043
141.217
180.130
013.160
020.132
190.127
078.160
210.174
026.064
026.212
214.127
151.025
188.143
214.186
021.035
242.171
134.191
167.251
250.192
254.080
129.252
031.208
183.038
199.192
131.017
213.117
253.019
023.177
010.184
228.166
219.129
142.037
073.171
161.074
153.239
061.093
060.114
134.082
218.034
080.164
193.090
130.056
219.157
220.158
083.080
241.135
024.253
090.093
194.088
054.223
226.172
174.028
024.204
136.246
145.077
185.218
126.184
087.156
179.135
097.027
230.189
115.089
063.091
172.044
188.035
130.166
151.082
045.016
150.161
235.077
254.230
097.041
226.224
052.174
221.050
207.061
144.166
028.010
039.217
249.181
145.078
112.021
060.249
069.120
023.108
016.124
175.233
250.204
114.120
095.206
047.111
158.120
135.063
157.254
047.027
213.059
118.128
145.100
085.081
121.146
017.240
191.177
244.104
149.055
166.021
034.253
062.154
061.125
183.180
037.093
069.117
108.139
168.230
089.136
058.193
091.171
164.193
140.065
017.176
199.112
217.091
015.206
030.215
044.033
235.149
210.080
057.058
077.195
177.191
227.133
255.077
192.146
078.238
122.090
163.208
114.177
177.186
045.232
227.017
090.132
038.124
152.072
022.033
174.123
018.219
130.067
084.047
221.255
174.029
173.220
211.252
178.176
051.088
146.102
175.180
226.152
211.031
014.214
079.156
017.217
221.150
063.046
252.132
131.149
239.052
230.185
158.124
198.055
054.145
070.025
112.107
149.241
166.100
195.254
170.150
025.018
190.158
141.060
195.129
015.030
094.169
063.042
197.186
160.244
188.057
091.124
166.043
137.062
194.168
199.025
218.218
201.071
228.221
149.027
090.183
108.142
142.066
181.058
104.089
184.109
221.067
076.178
225.176
166.221
165.145
012.163
105.199
054.240
034.245
073.147
084.226
191.233
203.048
126.065
237.225
253.208
061.145
087.213
045.223
097.105
249.225
156.015
238.244
115.173
138.211
052.111
195.205
012.159
188.206
056.065
181.205
109.013
146.184
104.227
130.010
146.068
060.245
131.150
042.055
148.175
216.173
249.029
188.195
055.020
032.229
248.214
150.190
155.085
109.120
172.197
198.060
017.199
030.242
015.035
069.216
198.117
189.134
217.240
027.158
144.058
153.075
254.121
214.177
174.100
172.093
031.214
246.022
042.160
019.128
072.028
194.102
205.069
044.128
163.231
049.096
150.170
090.073
105.133
168.100
247.141
131.176
190.105
137.022
159.054
186.060
240.205
012.146
031.092
186.096
159.216
033.179
200.211
055.080
185.192
106.053
191.028
046.142
096.027
191.134
064.028
142.095
135.163
159.156
238.066
079.194
055.210
228.146
011.100
056.017
016.234
067.054
052.153
244.023
073.211
182.054
090.190
255.201
047.048
232.119
200.170
180.074
212.017
217.228
144.229
070.105
053.010
183.055
194.188
036.221
024.050
104.044
114.210
211.083
039.215
249.140
153.130
132.149
103.159
204.230
099.136
073.063
125.028
066.239
121.216
063.249
193.025
056.098
079.083
044.057
188.026
092.106
016.079
037.094
160.046
070.156
088.178
130.196
046.034
155.227
085.094
076.195
017.099
227.028
119.245
144.098
116.121
048.213
215.140
244.044
182.197
048.172
181.033
120.211
175.025
216.187
103.090
102.132
183.039
225.020
144.088
125.015
157.139
216.174
139.246
021.147
249.017
236.255
080.170
175.238
030.052
086.253
015.105
189.136
233.255
091.212
121.094
069.226
152.147
203.157
062.244
092.252
165.049
103.158
058.180
245.053
019.039
175.150
187.027
018.091
173.168
238.057
043.238
238.107
165.082
145.175
253.063
010.126
026.193
251.216
254.064
013.196
059.112
058.121
095.124
026.231
197.212
224.118
153.033
128.154
028.011
194.084
153.160
092.205
197.109
051.045
171.065
096.137
052.240
183.185
104.019
210.023
052.035
156.111
154.230
016.222
092.176
182.148
093.158
218.243
012.238
053.222
194.210
126.139
188.078
145.058
252.152
042.206
228.123
251.176
158.247
122.224
152.216
192.081
131.252
240.029
184.179
202.151
049.162
209.224
195.175
090.144
251.114
179.214
090.037
056.189
243.222
126.052
056.222
189.165
248.055
161.242
214.183
179.103
017.121
061.079
205.055
089.062
071.108
223.130
091.057
047.057
104.132
124.123
052.114
096.012
095.084
086.157
129.131
015.050
081.111
127.014
198.123
113.219
114.146
094.233
124.201
171.025
086.204
211.018
101.136
246.052
117.199
220.209
136.159
076.190
124.032
109.035
082.071
094.189
036.215
108.174
162.017
073.093
081.100
245.091
072.133
126.143
232.128
200.077
191.020
236.161
205.096
014.136
182.093
231.136
015.036
073.167
156.090
172.041
236.243
142.208
044.113
221.177
155.159
040.137
059.031
136.134
213.235
222.049
046.063
214.132
234.072
047.196
063.207
130.187
086.084
025.243
254.065
125.074
054.138
194.157
050.020
145.013
024.133
060.173
085.047
172.132
180.147
161.036
102.226
027.138
027.079
197.121
061.014
215.241
023.178
237.169
243.179
207.169
200.181
035.216
138.253
208.016
053.101
034.149
205.179
187.096
058.189
146.113
096.161
103.070
244.048
020.205
142.128
179.250
225.057
148.049
116.203
251.027
159.176
036.149
069.047
092.072
219.114
149.184
179.187
062.186
169.070
114.036
150.232
177.128
142.067
234.139
201.219
226.133
054.157
048.088
116.233
015.201
219.148
158.052
015.083
010.244
121.027
187.047
032.056
236.028
033.231
193.085
045.174
058.165
042.177
219.219
134.212
064.011
177.145
033.171
249.227
080.120
181.200
232.060
112.248
086.252
238.032
121.081
132.080
059.057
250.206
184.112
254.129
255.155
111.082
162.073
142.200
103.080
080.226
124.183
175.078
226.016
181.129
171.105
055.061
164.120
011.012
252.147
089.188
110.038
148.145
113.131
078.239
155.041
194.215
168.248
083.086
134.223
080.224
245.179
209.083
070.062
243.208
067.137
122.216
100.042
079.221
198.149
117.129
010.143
041.220
197.219
249.139
155.057
196.156
255.128
133.212
084.091
202.137
165.216
147.019
241.037
215.174
027.243
151.085
147.245
116.139
165.204
026.177
094.171
200.248
163.010
080.179
113.062
230.128
106.022
045.119
051.160
061.054
153.204
038.171
195.016
248.067
203.249
044.203
082.100
192.085
239.215
221.055
231.051
245.184
159.118
208.163
233.172
012.178
089.035
164.097
249.042
158.064
241.156
147.171
074.074
074.200
112.058
226.231
151.141
140.028
050.183
126.205
101.039
025.241
023.101
160.136
047.123
128.040
152.126
075.115
137.021
127.052
172.206
127.142
028.255
105.017
076.069
046.147
174.074
146.090
214.170
160.167
089.030
236.230
148.117
221.051
157.055
189.230
083.214
130.191
220.163
202.018
088.155
245.206
057.127
250.092
026.094
024.114
077.252
072.110
194.185
107.123
202.049
194.090
203.082
158.164
029.204
194.127
064.109
050.092
016.190
142.124
089.084
174.126
213.060
201.198
091.151
024.246
074.091
064.092
110.238
169.236
129.105
115.201
013.213
207.137
202.230
099.170
113.105
173.138
089.033
112.175
196.196
073.246
109.116
117.222
012.176
187.197
203.150
163.218
065.221
019.086
161.067
022.136
050.252
240.074
139.127
245.120
123.133
200.058
123.206
081.152
066.034
100.103
206.245
225.234
185.082
190.118
076.066
070.179
108.104
099.183
076.210
187.169
132.151
081.180
030.135
064.123
076.216
169.214
239.168
030.143
019.045
094.037
069.169
075.119
121.037
111.034
226.071
117.197
074.223
182.069
138.210
184.069
195.112
086.024
143.179
123.176
223.059
124.173
201.042
206.153
146.035
070.172
236.169
204.183
253.129
112.111
223.114
163.158
121.157
072.102
234.128
075.044
198.043
036.251
147.110
236.114
012.157
074.251
250.125
037.213
043.100
086.126
017.019
079.237
075.186
020.085
099.215
105.174
203.016
115.167
204.069
138.241
104.035
249.049
173.159
221.063
197.045
074.019
155.143
097.158
064.021
155.099
199.158
119.149
016.076
157.098
080.090
102.101
134.057
125.224
180.183
227.229
150.204
144.120
243.177
153.090
114.134
044.184
121.125
092.117
122.109
074.252
214.072
079.121
043.140
219.080
130.025
102.201
193.082
230.045
143.103
185.019
080.048
080.111
055.186
222.139
109.209
200.075
104.056
106.087
029.074
117.090
037.057
064.133
253.218
080.060
212.159
085.123
235.111
153.040
138.115
098.093
221.206
027.169
019.190
112.198
254.123
241.136
037.223
091.139
075.182
233.113
107.027
058.101
219.154
046.146
248.178
235.059
167.173
118.119
131.217
028.098
149.179
077.153
040.133
095.014
112.074
219.156
191.246
075.016
080.148
149.236
156.238
238.223
245.216
127.243
089.121
224.233
233.160
247.106
109.252
216.058
207.131
170.112
231.020
221.031
061.128
212.030
110.097
065.125
203.215
017.084
100.104
172.011
212.168
220.177
105.243
237.229
219.110
050.049
138.190
083.147
022.236
244.085
209.113
220.117
212.096
230.065
223.020
152.039
153.101
215.180
203.220
033.114
219.034
100.117
243.156
110.142
154.123
014.014
226.198
188.212
179.066
100.071
175.122
191.011
097.075
180.044
051.145
236.195
195.239
033.168
038.223
167.246
062.056
169.014
028.055
238.097
060.107
106.057
162.161
025.207
194.129
239.087
111.229
184.227
238.148
232.065
180.039
070.085
088.184
210.165
222.162
063.175
054.130
182.230
158.197
144.112
153.222
245.102
084.171
110.033
214.108
106.185
223.228
200.081
217.147
182.141
206.219
080.059
108.135
121.212
223.237
019.070
191.182
098.122
190.030
090.022
071.191
254.044
021.227
144.243
034.224
123.251
163.087
192.100
189.137
088.027
242.172
237.196
088.213
142.126
177.232
040.103
176.175
064.233
158.080
052.075
213.069
207.059
038.086
105.035
098.182
106.241
126.231
207.102
180.017
099.113
048.071
112.171
219.128
059.049
230.191
114.226
188.010
027.194
208.130
082.171
178.245
098.136
111.198
178.087
020.144
162.054
205.063
061.115
176.016
140.196
121.222
018.197
034.096
187.156
107.017
218.147
253.213
124.126
106.082
204.120
207.035
040.224
069.103
239.171
059.124
095.139
250.143
149.147
196.025
015.103
040.094
066.145
247.071
026.162
062.121
069.069
244.189
140.222
218.068
150.169
173.049
080.161
075.196
249.048
031.187
214.187
161.084
112.130
132.120
222.149
079.185
110.070
070.124
100.182
187.213
222.130
080.128
101.115
123.161
205.201
151.044
016.161
209.026
069.133
241.067
057.218
126.080
135.248
241.120
063.011
229.102
064.238
057.091
038.252
067.035
164.057
236.141
231.119
199.235
114.236
138.082
089.123
095.081
153.074
161.070
055.150
044.243
107.072
222.111
119.125
033.163
193.197
088.121
179.076
062.104
136.063
055.168
161.170
097.138
198.051
083.208
125.116
030.091
012.075
185.251
061.044
045.197
077.204
082.135
114.130
018.177
142.106
013.251
074.217
162.018
044.023
214.079
100.050
185.179
242.222
225.050
168.168
249.245
061.169
055.118
102.219
083.138
155.127
067.222
223.226
128.077
227.138
068.213
211.120
049.174
025.011
162.042
249.025
197.052
072.135
138.095
107.166
244.102
043.176
028.022
044.150
067.212
092.083
194.041
015.088
219.066
171.100
069.205
210.081
010.095
068.210
015.241
091.201
060.130
086.164
220.186
131.227
102.131
220.210
246.013
175.055
025.242
181.210
041.039
172.160
037.038
213.032
122.011
217.080
240.190
202.112
034.043
074.201
122.218
238.188
011.031
249.011
251.115
217.191
092.095
211.204
238.242
177.168
087.131
143.097
088.233
014.018
205.226
224.210
121.160
234.230
148.197
119.065
232.032
029.179
196.207
166.094
160.205
202.080
175.050
038.225
243.198
222.089
244.209
122.239
217.101
181.148
100.212
070.210
037.043
032.181
193.049
203.067
041.011
183.112
217.106
094.194
214.182
162.112
149.216
230.062
098.231
098.027
149.069
049.111
